202308280000 202308282355
202308270000 202308272355
202105100000 202105102355
202107130000 202107132355
202107080000 202107082355
202105110000 202105112355
202208180000 202208182355
202309220000 202309222355
202209280000 202209282355
202307240000 202307242355
202105210000 202105212355
202107060000 202107062355
202309180000 202309182355
202206220000 202206222355
202108070000 202108072355
202208170000 202208172355
202109190000 202109192355
202306300000 202306302355
202109260000 202109262355
202105060000 202105062355
202307120000 202307122355
202308250000 202308252355
202106290000 202106292355
202305010000 202305012355
202209140000 202209142355
202208190000 202208192355
202308260000 202308262355
202307250000 202307252355
202107240000 202107242355
202305090000 202305092355
202109150000 202109152355
202309210000 202309212355
202107120000 202107122355
202106280000 202106282355
202106200000 202106202355
202206240000 202206242355
202206050000 202206052355
202206260000 202206262355
202108010000 202108012355
202107140000 202107142355
202105240000 202105242355
202105160000 202105162355
202205230000 202205232355
202106240000 202106242355
202305070000 202305072355
202209070000 202209072355
202107150000 202107152355
202306220000 202306222355
202107310000 202107312355
202309130000 202309132355
202206280000 202206282355
202109160000 202109162355
202206300000 202206302355
202307290000 202307292355
202207040000 202207042355
202305100000 202305102355
202209240000 202209242355
202105010000 202105012355
202106230000 202106232355
202106050000 202106052355
202206030000 202206032355
202208300000 202208302355
202205050000 202205052355
202307110000 202307112355
202106220000 202106222355
202107070000 202107072355
202308040000 202308042355
202206080000 202206082355
202106040000 202106042355
202108040000 202108042355
202107040000 202107042355
202308020000 202308022355
202106210000 202106212355
202308010000 202308012355
202209150000 202209152355
202209030000 202209032355
202206270000 202206272355
202107030000 202107032355
202208140000 202208142355
202207290000 202207292355
202207010000 202207012355
202106070000 202106072355
202107280000 202107282355
202106270000 202106272355
202107270000 202107272355
202208260000 202208262355
202206230000 202206232355
202206210000 202206212355
202107250000 202107252355
202209080000 202209082355
202305190000 202305192355
202209290000 202209292355
202205040000 202205042355
202108160000 202108162355
202107260000 202107262355
202107300000 202107302355
202307150000 202307152355
202106080000 202106082355
202107100000 202107102355
202206070000 202206072355
202106300000 202106302355
202307210000 202307212355
202105170000 202105172355
202108220000 202108222355
202108030000 202108032355
202306040000 202306042355
202305120000 202305122355
202306210000 202306212355
202205160000 202205162355
202308240000 202308242355
202308150000 202308152355
202209270000 202209272355
202308170000 202308172355
202105150000 202105152355
202306190000 202306192355
202306290000 202306292355
202208050000 202208052355
202205240000 202205242355
202306030000 202306032355
202305240000 202305242355
202308140000 202308142355
202305140000 202305142355
202306130000 202306132355
202109100000 202109102355
202206040000 202206042355
202208150000 202208152355
202107160000 202107162355
202209060000 202209062355
202309120000 202309122355
202105180000 202105182355
202308290000 202308292355
202208270000 202208272355
202105190000 202105192355
202305130000 202305132355
202207250000 202207252355
202109140000 202109142355
202209300000 202209302355
202305200000 202305202355
202209090000 202209092355
202106090000 202106092355
202207230000 202207232355
202306110000 202306112355
202209250000 202209252355
202209260000 202209262355
202109200000 202109202355
202209020000 202209022355
202307280000 202307282355
202307050000 202307052355
202105050000 202105052355
202305110000 202305112355
